   Pol-Flux            x              r              R               R+r             Te              ne              Ti            Zeff          omega-tor           Er              ni           nimp             nf              Tf
   0.0000000e+00   0.0000000e+00   0.0000000e+00   0.0000000e+00   0.0000000e+00   1.6894600e+03   3.2785200e+13   5.0683800e+03   1.9047600e+00   3.8310119e+01   0.0000000e+00   2.4907600e+13   9.8876100e+11   1.9451000e+12   2.3927400e+04
   1.0000000e-02   0.0000000e+00   0.0000000e+00   0.0000000e+00   0.0000000e+00   1.6887900e+03   3.2675131e+13   5.0109182e+03   1.9021400e+00   3.8235161e+01   0.0000000e+00   2.4924800e+13   9.8586000e+11   1.9442100e+12   2.3927400e+04
   2.0000000e-02   0.0000000e+00   0.0000000e+00   0.0000000e+00   0.0000000e+00   1.6868000e+03   3.2561596e+13   4.9522924e+03   1.8947500e+00   3.8022035e+01   0.0000000e+00   2.4972800e+13   9.7770100e+11   1.9421000e+12   2.3923100e+04
   3.0000000e-02   0.0000000e+00   0.0000000e+00   0.0000000e+00   0.0000000e+00   1.6835300e+03   3.2444579e+13   4.8925425e+03   1.8833700e+00   3.7688461e+01   0.0000000e+00   2.5046700e+13   9.6510600e+11   1.9386500e+12   2.3918800e+04
   4.0000000e-02   0.0000000e+00   0.0000000e+00   0.0000000e+00   0.0000000e+00   1.6790300e+03   3.2324070e+13   4.8317125e+03   1.8687200e+00   3.7252095e+01   0.0000000e+00   2.5141600e+13   9.4889400e+11   1.9336700e+12   2.3919800e+04
   5.0000000e-02   0.0000000e+00   0.0000000e+00   0.0000000e+00   0.0000000e+00   1.6733400e+03   3.2200067e+13   4.7698510e+03   1.8515600e+00   3.6730591e+01   0.0000000e+00   2.5252000e+13   9.2988500e+11   1.9279200e+12   2.3920800e+04
   6.0000000e-02   0.0000000e+00   0.0000000e+00   0.0000000e+00   0.0000000e+00   1.6664900e+03   3.2072577e+13   4.7070107e+03   1.8326400e+00   3.6141668e+01   0.0000000e+00   2.5371800e+13   9.0889900e+11   1.9224500e+12   2.3912600e+04
   7.0000000e-02   0.0000000e+00   0.0000000e+00   0.0000000e+00   0.0000000e+00   1.6585300e+03   3.1941618e+13   4.6432486e+03   1.8126900e+00   3.5502983e+01   0.0000000e+00   2.5496600e+13   8.8675500e+11   1.9167500e+12   2.3904500e+04
   8.0000000e-02   0.0000000e+00   0.0000000e+00   0.0000000e+00   0.0000000e+00   1.6495000e+03   3.1807217e+13   4.5786256e+03   1.7924800e+00   3.4832191e+01   0.0000000e+00   2.5619000e+13   8.6427400e+11   1.9132900e+12   2.3871000e+04
   9.0000000e-02   0.0000000e+00   0.0000000e+00   0.0000000e+00   0.0000000e+00   1.6394300e+03   3.1669410e+13   4.5132065e+03   1.7727400e+00   3.4147010e+01   0.0000000e+00   2.5736000e+13   8.4227500e+11   1.9101300e+12   2.3837600e+04
   1.0000000e-01   0.0000000e+00   0.0000000e+00   0.0000000e+00   0.0000000e+00   1.6283700e+03   3.1528246e+13   4.4470598e+03   1.7540900e+00   3.3464845e+01   0.0000000e+00   2.5840500e+13   8.2143700e+11   1.9101900e+12   2.3772900e+04
   1.1000000e-01   0.0000000e+00   0.0000000e+00   0.0000000e+00   0.0000000e+00   1.6163600e+03   3.1383782e+13   4.3802571e+03   1.7366400e+00   3.2794870e+01   0.0000000e+00   2.5934700e+13   8.0187100e+11   1.9106700e+12   2.3708100e+04
   1.2000000e-01   0.0000000e+00   0.0000000e+00   0.0000000e+00   0.0000000e+00   1.6034400e+03   3.1236089e+13   4.3128735e+03   1.7203500e+00   3.2137398e+01   0.0000000e+00   2.6016400e+13   7.8354100e+11   1.9139600e+12   2.3614700e+04
   1.3000000e-01   0.0000000e+00   0.0000000e+00   0.0000000e+00   0.0000000e+00   1.5896500e+03   3.1085248e+13   4.2449864e+03   1.7051900e+00   3.1492303e+01   0.0000000e+00   2.6088400e+13   7.6641400e+11   1.9174200e+12   2.3521300e+04
   1.4000000e-01   0.0000000e+00   0.0000000e+00   0.0000000e+00   0.0000000e+00   1.5750300e+03   3.0931352e+13   4.1766761e+03   1.6911400e+00   3.0859524e+01   0.0000000e+00   2.6148900e+13   7.5045600e+11   1.9230300e+12   2.3403900e+04
   1.5000000e-01   0.0000000e+00   0.0000000e+00   0.0000000e+00   0.0000000e+00   1.5596200e+03   3.0774504e+13   4.1080245e+03   1.6781600e+00   3.0238746e+01   0.0000000e+00   2.6200300e+13   7.3563300e+11   1.9285500e+12   2.3286500e+04
   1.6000000e-01   0.0000000e+00   0.0000000e+00   0.0000000e+00   0.0000000e+00   1.5434600e+03   3.0614822e+13   4.0391156e+03   1.6662100e+00   2.9630032e+01   0.0000000e+00   2.6242200e+13   7.2191000e+11   1.9345800e+12   2.3160800e+04
   1.7000000e-01   0.0000000e+00   0.0000000e+00   0.0000000e+00   0.0000000e+00   1.5266000e+03   3.0452431e+13   3.9700343e+03   1.6552700e+00   2.9033067e+01   0.0000000e+00   2.6275700e+13   7.0925500e+11   1.9402300e+12   2.3035100e+04
   1.8000000e-01   0.0000000e+00   0.0000000e+00   0.0000000e+00   0.0000000e+00   1.5090600e+03   3.0287471e+13   3.9008667e+03   1.6453200e+00   2.8447851e+01   0.0000000e+00   2.6301800e+13   6.9763300e+11   1.9445700e+12   2.2917900e+04
   1.9000000e-01   0.0000000e+00   0.0000000e+00   0.0000000e+00   0.0000000e+00   1.4909000e+03   3.0120092e+13   3.8316991e+03   1.6363100e+00   2.7874071e+01   0.0000000e+00   2.6320200e+13   6.8701000e+11   1.9482400e+12   2.2800700e+04
   2.0000000e-01   0.0000000e+00   0.0000000e+00   0.0000000e+00   0.0000000e+00   1.4721500e+03   2.9950452e+13   3.7626178e+03   1.6282200e+00   2.7311790e+01   0.0000000e+00   2.6332100e+13   6.7735200e+11   1.9501000e+12   2.2694300e+04
   2.1000000e-01   0.0000000e+00   0.0000000e+00   0.0000000e+00   0.0000000e+00   1.4528600e+03   2.9778723e+13   3.6937089e+03   1.6210200e+00   2.6760692e+01   0.0000000e+00   2.6336900e+13   6.6862500e+11   1.9510200e+12   2.2587900e+04
   2.2000000e-01   0.0000000e+00   0.0000000e+00   0.0000000e+00   0.0000000e+00   1.4330600e+03   2.9605083e+13   3.6250573e+03   1.6146800e+00   2.6220778e+01   0.0000000e+00   2.6335500e+13   6.6079500e+11   1.9502700e+12   2.2487800e+04
   2.3000000e-01   0.0000000e+00   0.0000000e+00   0.0000000e+00   0.0000000e+00   1.4127900e+03   2.9429722e+13   3.5567469e+03   1.6091800e+00   2.5691797e+01   0.0000000e+00   2.6327500e+13   6.5382800e+11   1.9483100e+12   2.2387600e+04
   2.4000000e-01   0.0000000e+00   0.0000000e+00   0.0000000e+00   0.0000000e+00   1.3921000e+03   2.9252835e+13   3.4888599e+03   1.6044800e+00   2.5173686e+01   0.0000000e+00   2.6313100e+13   6.4769100e+11   1.9451900e+12   2.2285800e+04
   2.5000000e-01   0.0000000e+00   0.0000000e+00   0.0000000e+00   0.0000000e+00   1.3710300e+03   2.9074627e+13   3.4214762e+03   1.6005600e+00   2.4666257e+01   0.0000000e+00   2.6292800e+13   6.4234800e+11   1.9406400e+12   2.2183900e+04
   2.6000000e-01   0.0000000e+00   0.0000000e+00   0.0000000e+00   0.0000000e+00   1.3496100e+03   2.8895308e+13   3.3546736e+03   1.5973800e+00   2.4169383e+01   0.0000000e+00   2.6265900e+13   6.3776700e+11   1.9355400e+12   2.2071500e+04
   2.7000000e-01   0.0000000e+00   0.0000000e+00   0.0000000e+00   0.0000000e+00   1.3278900e+03   2.8715093e+13   3.2885269e+03   1.5949300e+00   2.3682939e+01   0.0000000e+00   2.6233600e+13   6.3391400e+11   1.9288300e+12   2.1959000e+04
   2.8000000e-01   0.0000000e+00   0.0000000e+00   0.0000000e+00   0.0000000e+00   1.3059100e+03   2.8534203e+13   3.2231078e+03   1.5931600e+00   2.3206737e+01   0.0000000e+00   2.6194500e+13   6.3075300e+11   1.9221000e+12   2.1828800e+04
   2.9000000e-01   0.0000000e+00   0.0000000e+00   0.0000000e+00   0.0000000e+00   1.2837100e+03   2.8352860e+13   3.1584848e+03   1.5920700e+00   2.2740713e+01   0.0000000e+00   2.6150500e+13   6.2825200e+11   1.9135900e+12   2.1698500e+04
   3.0000000e-01   0.0000000e+00   0.0000000e+00   0.0000000e+00   0.0000000e+00   1.2613300e+03   2.8171291e+13   3.0947227e+03   1.5916000e+00   2.2284617e+01   0.0000000e+00   2.6100500e+13   6.2637600e+11   1.9046200e+12   2.1553900e+04
   3.1000000e-01   0.0000000e+00   0.0000000e+00   0.0000000e+00   0.0000000e+00   1.2388000e+03   2.7989721e+13   3.0318824e+03   1.5917500e+00   2.1838449e+01   0.0000000e+00   2.6046100e+13   6.2509100e+11   1.8937700e+12   2.1409200e+04
   3.2000000e-01   0.0000000e+00   0.0000000e+00   0.0000000e+00   0.0000000e+00   1.2161800e+03   2.7808378e+13   2.9700209e+03   1.5924700e+00   2.1401956e+01   0.0000000e+00   2.5987100e+13   6.2436400e+11   1.8815300e+12   2.1259100e+04
   3.3000000e-01   0.0000000e+00   0.0000000e+00   0.0000000e+00   0.0000000e+00   1.1934900e+03   2.7627488e+13   2.9091909e+03   1.5937500e+00   2.0975014e+01   0.0000000e+00   2.5924000e+13   6.2416000e+11   1.8673600e+12   2.1108900e+04
   3.4000000e-01   0.0000000e+00   0.0000000e+00   0.0000000e+00   0.0000000e+00   1.1707900e+03   2.7447273e+13   2.8494410e+03   1.5955600e+00   2.0557497e+01   0.0000000e+00   2.5857000e+13   6.2444600e+11   1.8513500e+12   2.0957800e+04
   3.5000000e-01   0.0000000e+00   0.0000000e+00   0.0000000e+00   0.0000000e+00   1.1481100e+03   2.7267954e+13   2.7908152e+03   1.5978600e+00   2.0149279e+01   0.0000000e+00   2.5786400e+13   6.2518700e+11   1.8334200e+12   2.0806600e+04
   3.6000000e-01   0.0000000e+00   0.0000000e+00   0.0000000e+00   0.0000000e+00   1.1254900e+03   2.7089746e+13   2.7333534e+03   1.6006400e+00   1.9750234e+01   0.0000000e+00   2.5712300e+13   6.2634900e+11   1.8136200e+12   2.0655300e+04
   3.7000000e-01   0.0000000e+00   0.0000000e+00   0.0000000e+00   0.0000000e+00   1.1029700e+03   2.6912859e+13   2.6770908e+03   1.6038600e+00   1.9360174e+01   0.0000000e+00   2.5634900e+13   6.2789900e+11   1.7919700e+12   2.0503900e+04
   3.8000000e-01   0.0000000e+00   0.0000000e+00   0.0000000e+00   0.0000000e+00   1.0805900e+03   2.6737498e+13   2.6220584e+03   1.6075000e+00   1.8979036e+01   0.0000000e+00   2.5554300e+13   6.2980300e+11   1.7684800e+12   2.0353100e+04
   3.9000000e-01   0.0000000e+00   0.0000000e+00   0.0000000e+00   0.0000000e+00   1.0584000e+03   2.6563859e+13   2.5682828e+03   1.6115200e+00   1.8606569e+01   0.0000000e+00   2.5470600e+13   6.3202600e+11   1.7432600e+12   2.0202300e+04
   4.0000000e-01   0.0000000e+00   0.0000000e+00   0.0000000e+00   0.0000000e+00   1.0364100e+03   2.6392129e+13   2.5157864e+03   1.6159000e+00   1.8242710e+01   0.0000000e+00   2.5384100e+13   6.3453500e+11   1.7162400e+12   2.0053500e+04
   4.1000000e-01   0.0000000e+00   0.0000000e+00   0.0000000e+00   0.0000000e+00   1.0146100e+03   2.6222490e+13   2.4645872e+03   1.6206200e+00   1.7887271e+01   0.0000000e+00   2.5294400e+13   6.3729500e+11   1.6878000e+12   1.9904700e+04
   4.2000000e-01   0.0000000e+00   0.0000000e+00   0.0000000e+00   0.0000000e+00   9.9300800e+02   2.6055110e+13   2.4146994e+03   1.6256400e+00   1.7540125e+01   0.0000000e+00   2.5202100e+13   6.4027300e+11   1.6577600e+12   1.9759100e+04
   4.3000000e-01   0.0000000e+00   0.0000000e+00   0.0000000e+00   0.0000000e+00   9.7160400e+02   2.5890150e+13   2.3661331e+03   1.6309400e+00   1.7201148e+01   0.0000000e+00   2.5106900e+13   6.4343400e+11   1.6266200e+12   1.9613400e+04
   4.4000000e-01   0.0000000e+00   0.0000000e+00   0.0000000e+00   0.0000000e+00   9.5039400e+02   2.5727759e+13   2.3188950e+03   1.6364900e+00   1.6870213e+01   0.0000000e+00   2.5009000e+13   6.4674600e+11   1.5940800e+12   1.9472900e+04
   4.5000000e-01   0.0000000e+00   0.0000000e+00   0.0000000e+00   0.0000000e+00   9.2938000e+02   2.5568077e+13   2.2729877e+03   1.6422500e+00   1.6547132e+01   0.0000000e+00   2.4908200e+13   6.5017300e+11   1.5608100e+12   1.9332400e+04
   4.6000000e-01   0.0000000e+00   0.0000000e+00   0.0000000e+00   0.0000000e+00   9.0855900e+02   2.5411229e+13   2.2284109e+03   1.6482100e+00   1.6231842e+01   0.0000000e+00   2.4804700e+13   6.5368100e+11   1.5266000e+12   1.9197800e+04
   4.7000000e-01   0.0000000e+00   0.0000000e+00   0.0000000e+00   0.0000000e+00   8.8793200e+02   2.5257333e+13   2.1851608e+03   1.6543200e+00   1.5924154e+01   0.0000000e+00   2.4698100e+13   6.5723700e+11   1.4922400e+12   1.9063100e+04
   4.8000000e-01   0.0000000e+00   0.0000000e+00   0.0000000e+00   0.0000000e+00   8.6749700e+02   2.5106492e+13   2.1432307e+03   1.6605700e+00   1.5623881e+01   0.0000000e+00   2.4588500e+13   6.6080800e+11   1.4575000e+12   1.8934400e+04
   4.9000000e-01   0.0000000e+00   0.0000000e+00   0.0000000e+00   0.0000000e+00   8.4725400e+02   2.4958799e+13   2.1026112e+03   1.6669200e+00   1.5330959e+01   0.0000000e+00   2.4475700e+13   6.6435700e+11   1.4231400e+12   1.8805600e+04
   5.0000000e-01   0.0000000e+00   0.0000000e+00   0.0000000e+00   0.0000000e+00   8.2720300e+02   2.4814335e+13   2.0632900e+03   1.6733300e+00   1.5045137e+01   0.0000000e+00   2.4359400e+13   6.6785300e+11   1.3892400e+12   1.8678600e+04
   5.1000000e-01   0.0000000e+00   0.0000000e+00   0.0000000e+00   0.0000000e+00   8.0734200e+02   2.4673171e+13   2.0252528e+03   1.6797900e+00   1.4766478e+01   0.0000000e+00   2.4239800e+13   6.7126100e+11   1.3561400e+12   1.8551500e+04
   5.2000000e-01   0.0000000e+00   0.0000000e+00   0.0000000e+00   0.0000000e+00   7.8767100e+02   2.4535364e+13   1.9884829e+03   1.6862600e+00   1.4494605e+01   0.0000000e+00   2.4116200e+13   6.7454600e+11   1.3244600e+12   1.8418500e+04
   5.3000000e-01   0.0000000e+00   0.0000000e+00   0.0000000e+00   0.0000000e+00   7.6818900e+02   2.4400963e+13   1.9529617e+03   1.6927000e+00   1.4229518e+01   0.0000000e+00   2.3989300e+13   6.7767600e+11   1.2938500e+12   1.8285500e+04
   5.4000000e-01   0.0000000e+00   0.0000000e+00   0.0000000e+00   0.0000000e+00   7.4889600e+02   2.4270004e+13   1.9186688e+03   1.6990900e+00   1.3971091e+01   0.0000000e+00   2.3858500e+13   6.8061500e+11   1.2649300e+12   1.8145300e+04
   5.5000000e-01   0.0000000e+00   0.0000000e+00   0.0000000e+00   0.0000000e+00   7.2979000e+02   2.4142515e+13   1.8855823e+03   1.7053900e+00   1.3719135e+01   0.0000000e+00   2.3724600e+13   6.8333000e+11   1.2372300e+12   1.8005100e+04
   5.6000000e-01   0.0000000e+00   0.0000000e+00   0.0000000e+00   0.0000000e+00   7.1087200e+02   2.4018511e+13   1.8536787e+03   1.7115600e+00   1.3473463e+01   0.0000000e+00   2.3588200e+13   6.8578800e+11   1.2103100e+12   1.7870800e+04
   5.7000000e-01   0.0000000e+00   0.0000000e+00   0.0000000e+00   0.0000000e+00   6.9214100e+02   2.3898002e+13   1.8229336e+03   1.7175800e+00   1.3234011e+01   0.0000000e+00   2.3449000e+13   6.8795300e+11   1.1845700e+12   1.7736500e+04
   5.8000000e-01   0.0000000e+00   0.0000000e+00   0.0000000e+00   0.0000000e+00   6.7359500e+02   2.3780985e+13   1.7933213e+03   1.7234100e+00   1.3000591e+01   0.0000000e+00   2.3308700e+13   6.8979200e+11   1.1585600e+12   1.7621800e+04
   5.9000000e-01   0.0000000e+00   0.0000000e+00   0.0000000e+00   0.0000000e+00   6.5523400e+02   2.3667450e+13   1.7648153e+03   1.7290000e+00   1.2773077e+01   0.0000000e+00   2.3166200e+13   6.9127100e+11   1.1335200e+12   1.7507200e+04
   6.0000000e-01   0.0000000e+00   0.0000000e+00   0.0000000e+00   0.0000000e+00   6.3705800e+02   2.3557381e+13   1.7373884e+03   1.7343300e+00   1.2551343e+01   0.0000000e+00   2.3023700e+13   6.9235700e+11   1.1075300e+12   1.7418600e+04
   6.1000000e-01   0.0000000e+00   0.0000000e+00   0.0000000e+00   0.0000000e+00   6.1906600e+02   2.3450752e+13   1.7110129e+03   1.7393500e+00   1.2335265e+01   0.0000000e+00   2.2879700e+13   6.9301400e+11   1.0821300e+12   1.7330000e+04
   6.2000000e-01   0.0000000e+00   0.0000000e+00   0.0000000e+00   0.0000000e+00   6.0125700e+02   2.3347532e+13   1.6856606e+03   1.7440300e+00   1.2124652e+01   0.0000000e+00   2.2736900e+13   6.9321000e+11   1.0548400e+12   1.7275400e+04
   6.3000000e-01   0.0000000e+00   0.0000000e+00   0.0000000e+00   0.0000000e+00   5.8363000e+02   2.3247681e+13   1.6613028e+03   1.7483200e+00   1.1919381e+01   0.0000000e+00   2.2593600e+13   6.9291000e+11   1.0275800e+12   1.7220700e+04
   6.4000000e-01   0.0000000e+00   0.0000000e+00   0.0000000e+00   0.0000000e+00   5.6618500e+02   2.3151158e+13   1.6379110e+03   1.7521800e+00   1.1719387e+01   0.0000000e+00   2.2452500e+13   6.9208000e+11   9.9782700e+11   1.7201300e+04
   6.5000000e-01   0.0000000e+00   0.0000000e+00   0.0000000e+00   0.0000000e+00   5.4892100e+02   2.3057913e+13   1.6154562e+03   1.7555800e+00   1.1524357e+01   0.0000000e+00   2.2311900e+13   6.9068600e+11   9.6743800e+11   1.7181900e+04
   6.6000000e-01   0.0000000e+00   0.0000000e+00   0.0000000e+00   0.0000000e+00   5.3183800e+02   2.2967892e+13   1.5939097e+03   1.7584600e+00   1.1334291e+01   0.0000000e+00   2.2173200e+13   6.8869400e+11   9.3516900e+11   1.7178200e+04
   6.7000000e-01   0.0000000e+00   0.0000000e+00   0.0000000e+00   0.0000000e+00   5.1493400e+02   2.2881037e+13   1.5732428e+03   1.7607800e+00   1.1149000e+01   0.0000000e+00   2.2036000e+13   6.8607100e+11   9.0169500e+11   1.7174500e+04
   6.8000000e-01   0.0000000e+00   0.0000000e+00   0.0000000e+00   0.0000000e+00   4.9821000e+02   2.2797288e+13   1.5534271e+03   1.7624800e+00   1.0968422e+01   0.0000000e+00   2.1900100e+13   6.8278100e+11   8.6728400e+11   1.7161800e+04
   6.9000000e-01   0.0000000e+00   0.0000000e+00   0.0000000e+00   0.0000000e+00   4.8166400e+02   2.2716580e+13   1.5344341e+03   1.7635300e+00   1.0792304e+01   0.0000000e+00   2.1766500e+13   6.7879300e+11   8.3128200e+11   1.7149000e+04
   7.0000000e-01   0.0000000e+00   0.0000000e+00   0.0000000e+00   0.0000000e+00   4.6529500e+02   2.2638846e+13   1.5162361e+03   1.7638700e+00   1.0620522e+01   0.0000000e+00   2.1634400e+13   6.7407000e+11   7.9438700e+11   1.7120600e+04
   7.1000000e-01   0.0000000e+00   0.0000000e+00   0.0000000e+00   0.0000000e+00   4.4910400e+02   2.2564016e+13   1.4988055e+03   1.7634400e+00   1.0452950e+01   0.0000000e+00   2.1505100e+13   6.6858000e+11   7.5578700e+11   1.7092300e+04
   7.2000000e-01   0.0000000e+00   0.0000000e+00   0.0000000e+00   0.0000000e+00   4.3308900e+02   2.2492019e+13   1.4821152e+03   1.7621900e+00   1.0289524e+01   0.0000000e+00   2.1378300e+13   6.6228800e+11   7.1581100e+11   1.7058500e+04
   7.3000000e-01   0.0000000e+00   0.0000000e+00   0.0000000e+00   0.0000000e+00   4.1725000e+02   2.2422781e+13   1.4661385e+03   1.7600600e+00   1.0129994e+01   0.0000000e+00   2.1254200e+13   6.5516100e+11   6.7435300e+11   1.7024700e+04
   7.4000000e-01   0.0000000e+00   0.0000000e+00   0.0000000e+00   0.0000000e+00   4.0158600e+02   2.2356230e+13   1.4508495e+03   1.7569900e+00   9.9742969e+00   0.0000000e+00   2.1133000e+13   6.4716400e+11   6.3161400e+11   1.6992000e+04
   7.5000000e-01   0.0000000e+00   0.0000000e+00   0.0000000e+00   0.0000000e+00   3.8609600e+02   2.2292289e+13   1.4362224e+03   1.7529100e+00   9.8222440e+00   0.0000000e+00   2.1014400e+13   6.3826300e+11   5.8792800e+11   1.6959300e+04
   7.6000000e-01   0.0000000e+00   0.0000000e+00   0.0000000e+00   0.0000000e+00   3.7078000e+02   2.2230884e+13   1.4222324e+03   1.7477600e+00   9.6737096e+00   0.0000000e+00   2.0898900e+13   6.2842700e+11   5.4299000e+11   1.6944500e+04
   7.7000000e-01   0.0000000e+00   0.0000000e+00   0.0000000e+00   0.0000000e+00   3.5563600e+02   2.2171938e+13   1.4088550e+03   1.7415000e+00   9.5285053e+00   0.0000000e+00   2.0785500e+13   6.1765500e+11   4.9778200e+11   1.6929700e+04
   7.8000000e-01   0.0000000e+00   0.0000000e+00   0.0000000e+00   0.0000000e+00   3.4066300e+02   2.2115378e+13   1.3960667e+03   1.7341700e+00   9.3866311e+00   0.0000000e+00   2.0674800e+13   6.0598500e+11   4.5151900e+11   1.6957200e+04
   7.9000000e-01   0.0000000e+00   0.0000000e+00   0.0000000e+00   0.0000000e+00   3.2585300e+02   2.2061126e+13   1.3838441e+03   1.7257500e+00   9.2477728e+00   0.0000000e+00   2.0564600e+13   5.9345600e+11   4.0603100e+11   1.6984800e+04
   8.0000000e-01   0.0000000e+00   0.0000000e+00   0.0000000e+00   0.0000000e+00   3.1119800e+02   2.2009108e+13   1.3721650e+03   1.7162800e+00   9.1119305e+00   0.0000000e+00   2.0455900e+13   5.8010700e+11   3.6007000e+11   1.7091200e+04
   8.1000000e-01   0.0000000e+00   0.0000000e+00   0.0000000e+00   0.0000000e+00   2.9669200e+02   2.1959250e+13   1.3610075e+03   1.7057700e+00   8.9788527e+00   0.0000000e+00   2.0345800e+13   5.6597800e+11   3.1629400e+11   1.7197600e+04
   8.2000000e-01   0.0000000e+00   0.0000000e+00   0.0000000e+00   0.0000000e+00   2.8232700e+02   2.1911479e+13   1.3503504e+03   1.6942200e+00   8.8484767e+00   0.0000000e+00   2.0235300e+13   5.5110700e+11   2.7357300e+11   1.7403600e+04
   8.3000000e-01   0.0000000e+00   0.0000000e+00   0.0000000e+00   0.0000000e+00   2.6809500e+02   2.1865723e+13   1.3401732e+03   1.6816600e+00   8.7206140e+00   0.0000000e+00   2.0121400e+13   5.3553300e+11   2.3451800e+11   1.7609700e+04
   8.4000000e-01   0.0000000e+00   0.0000000e+00   0.0000000e+00   0.0000000e+00   2.5398900e+02   2.1821910e+13   1.3304562e+03   1.6680800e+00   8.5951389e+00   0.0000000e+00   2.0004700e+13   5.1929500e+11   1.9826600e+11   1.7923600e+04
   8.5000000e-01   0.0000000e+00   0.0000000e+00   0.0000000e+00   0.0000000e+00   2.4000100e+02   2.1779970e+13   1.3211801e+03   1.6535200e+00   8.4719258e+00   0.0000000e+00   1.9883200e+13   5.0243300e+11   1.6663300e+11   1.8237500e+04
   8.6000000e-01   0.0000000e+00   0.0000000e+00   0.0000000e+00   0.0000000e+00   2.2612500e+02   2.1739835e+13   1.3123265e+03   1.6379700e+00   8.3508489e+00   0.0000000e+00   1.9757400e+13   4.8498500e+11   1.3877000e+11   1.8649400e+04
   8.7000000e-01   0.0000000e+00   0.0000000e+00   0.0000000e+00   0.0000000e+00   2.1235300e+02   2.1701438e+13   1.3038774e+03   1.6214500e+00   8.2317198e+00   0.0000000e+00   1.9626400e+13   4.6699100e+11   1.1542300e+11   1.9061200e+04
   8.8000000e-01   0.0000000e+00   0.0000000e+00   0.0000000e+00   0.0000000e+00   1.9867700e+02   2.1664713e+13   1.2958156e+03   1.6039600e+00   8.1144128e+00   0.0000000e+00   1.9490800e+13   4.4848900e+11   9.5606800e+10   1.9577700e+04
   8.9000000e-01   0.0000000e+00   0.0000000e+00   0.0000000e+00   0.0000000e+00   1.8509000e+02   2.1629597e+13   1.2881244e+03   1.5855200e+00   7.9988023e+00   0.0000000e+00   1.9350300e+13   4.2951800e+11   7.9488900e+10   2.0094300e+04
   9.0000000e-01   0.0000000e+00   0.0000000e+00   0.0000000e+00   0.0000000e+00   1.7158400e+02   2.1596027e+13   1.2807879e+03   1.5663000e+00   7.8847626e+00   0.0000000e+00   1.9199400e+13   4.1011800e+11   6.6111000e+10   2.0732000e+04
   9.1000000e-01   0.0000000e+00   0.0000000e+00   0.0000000e+00   0.0000000e+00   1.5815300e+02   2.1563942e+13   1.2737906e+03   1.5468000e+00   7.7721052e+00   0.0000000e+00   1.9017400e+13   3.9032800e+11   5.5642200e+10   2.1369600e+04
   9.2000000e-01   0.0000000e+00   0.0000000e+00   0.0000000e+00   0.0000000e+00   1.4478800e+02   2.1533283e+13   1.2671177e+03   1.5275500e+00   7.6607044e+00   0.0000000e+00   1.8783100e+13   3.7018600e+11   4.7197700e+10   2.2172600e+04
   9.3000000e-01   0.0000000e+00   0.0000000e+00   0.0000000e+00   0.0000000e+00   1.3148300e+02   2.1503994e+13   1.2607549e+03   1.5089900e+00   7.5504974e+00   0.0000000e+00   1.8474200e+13   3.4973200e+11   4.0621300e+10   2.2975500e+04
   9.4000000e-01   0.0000000e+00   0.0000000e+00   0.0000000e+00   0.0000000e+00   1.1822900e+02   2.1476018e+13   1.2546885e+03   1.4915800e+00   7.4411701e+00   0.0000000e+00   1.8069400e+13   3.2900500e+11   3.4881500e+10   2.4029700e+04
   9.5000000e-01   0.0000000e+00   0.0000000e+00   0.0000000e+00   0.0000000e+00   1.0502000e+02   2.1449303e+13   1.2489053e+03   1.4757500e+00   7.3327852e+00   0.0000000e+00   1.7546600e+13   3.0804400e+11   2.9859000e+10   2.5083800e+04
   9.6000000e-01   0.0000000e+00   0.0000000e+00   0.0000000e+00   0.0000000e+00   9.1848400e+01   2.1423795e+13   1.2433926e+03   1.4619700e+00   7.2250287e+00   0.0000000e+00   1.6884400e+13   2.8688700e+11   2.4557100e+10   2.6503200e+04
   9.7000000e-01   0.0000000e+00   0.0000000e+00   0.0000000e+00   0.0000000e+00   7.8706000e+01   2.1399444e+13   1.2381384e+03   1.4508100e+00   7.1179005e+00   0.0000000e+00   1.6060800e+13   2.6557400e+11   1.8847400e+10   2.7922600e+04
   9.8000000e-01   0.0000000e+00   0.0000000e+00   0.0000000e+00   0.0000000e+00   6.5585900e+01   2.1376203e+13   1.2331310e+03   1.4430700e+00   7.0111492e+00   0.0000000e+00   1.5053800e+13   2.4414400e+11   1.2219800e+10   2.9072300e+04
   9.9000000e-01   0.0000000e+00   0.0000000e+00   0.0000000e+00   0.0000000e+00   5.2480700e+01   2.1354024e+13   1.2283592e+03   1.4399500e+00   6.9047122e+00   0.0000000e+00   1.3840400e+13   2.2263600e+11   5.3433100e+09   3.0221900e+04
   1.0000000e+00   0.0000000e+00   0.0000000e+00   0.0000000e+00   0.0000000e+00   3.9382900e+01   2.1332861e+13   1.2238124e+03   1.4429800e+00   6.7983379e+00   0.0000000e+00   1.2411700e+13   2.0108900e+11   0.0000000e+00   3.0221900e+04
